[1,["9cNOyVw0dHoYSSE8XSo3Lp","c68CUvrpBHYbFcCdi3YjjK@3b895","c68CUvrpBHYbFcCdi3YjjK@438fe","c68CUvrpBHYbFcCdi3YjjK@10044","c68CUvrpBHYbFcCdi3YjjK@0bd21","c68CUvrpBHYbFcCdi3YjjK@acd44","c68CUvrpBHYbFcCdi3YjjK@efb81","c68CUvrpBHYbFcCdi3YjjK@9c071","c68CUvrpBHYbFcCdi3YjjK@9ad42","dbUbnUoc9KBJez59zJbDC2","12Y9dMgWdJKJGmTiZyQR9H@fc873","e0vpMIc99DAIGjS6YfzdyU@6c48a","1dTYyIgpFHXrUL7ts76ort"],["_parent","node","_mesh","root","data","_skeleton","mainTexture","_effectAsset"],[["cc.Node",["_name","_prefab","_parent","_children","_lpos","_lrot","_euler","_components","_lscale"],2,4,1,2,5,5,5,9,5],["cc.Node",["_name","_children","_prefab","_lpos","_lrot","_euler","_lscale","_parent"],2,9,4,5,5,5,5,1],["cc.Prefab",["_name"],2],["cc.Node",["_name","_parent","_children","_prefab","_lpos","_lrot","_lscale","_euler"],2,1,12,4,5,5,5,5],["bad7cgop1FKX7FffmkXB1Wn",["node","__prefab"],3,1,4],["cc.CompPrefabInfo",["fileId"],2],["cc.PrefabInfo",["fileId","root","asset"],2,1,1],["cc.SkeletalAnimation",["node","__prefab","_clips","_sockets"],3,1,4,3,9],["cc.SkeletalAnimation.Socket",["path","target"],2,1],["cc.SkinnedMeshRenderer",["node","__prefab","_materials","lightmapSettings","_skinningRoot","_mesh","_skeleton"],3,1,4,3,4,1,6,6],["cc.ModelLightmapSettings",[],3],["08c5czId0lIe7vikc8qDfcj",["node","__prefab"],3,1,4],["cc.RigidBody",["_group","_type","node","__prefab"],1,1,4],["cc.BoxCollider",["_isTrigger","node","__prefab","_center","_size"],2,1,4,5,5],["cc.MeshRenderer",["_name","_shadowReceivingMode","node","__prefab","_materials","lightmapSettings","_mesh"],1,1,4,3,4,6],["cc.Material",["_states","_defines","_props"],1,12],["cc.Mesh",["_native","_hash","_struct"],1,11],["cc.Skeleton",["_name","_hash","_joints","_bindposes"],0,12]],[[6,0,1,2,2],[0,0,2,3,1,4,5,6,2],[5,0,2],[0,0,2,1,2],[1,0,7,1,2,3,4,5,2],[0,0,2,1,4,5,6,2],[0,0,2,3,1,2],[0,0,2,1,4,2],[10,1],[2,0,2],[0,0,3,7,1,2],[0,0,3,7,1,8,2],[0,0,3,1,4,5,6,2],[0,0,3,1,4,2],[0,0,2,7,1,4,5,8,6,2],[0,0,2,7,1,2],[0,0,2,3,1,5,6,2],[0,0,2,3,1,4,2],[0,0,2,1,4,5,8,6,2],[0,0,2,7,1,5,8,6,2],[1,0,1,2,3,4,6,5,2],[3,0,1,2,3,4,5,6,7,2],[4,0,1,1],[7,0,1,2,3,1],[8,0,1,2],[9,0,1,2,3,4,5,6,1],[11,0,1,1],[12,0,1,2,3,3],[13,0,1,2,3,4,2],[14,0,1,2,3,4,5,6,3],[15,0,1,2,3],[16,0,1,2,3],[17,0,1,2,3,4]],[[[[9,"soldier"],[10,"soldier",[-3,-4,-5],[[22,-2,[2,"b9GG0As79Dmp0AGl3Ynil+"]]],[0,"31cx5c7pxCPYe8mJcSjm24",-1,0]],[20,"gun Socket",[[3,"gun_1",-6,[0,"b5WELCUD5CQJwd60TR9sel",1,0]],[3,"gun_2",-7,[0,"592eG9GSNGZKsajAXAwxj8",1,0]],[3,"gun_3",-8,[0,"4f/+thr8JGnZX+qkhcMl5d",1,0]],[3,"gun_4",-9,[0,"9dKc5MipdMzoESOuJy9xsM",1,0]],[3,"gunParent",-10,[0,"a5CAhXHp5EOY8N19T7DSk/",1,0]]],[0,"5bNUGtYqNH9YpXXFmA+Jpx",1,0],[1,-0.5439789815661242,0.7404763428738584,0.1403165841323649],[3,-0.7222332511222269,0.07246047687738678,0.04408649478702151,0.6864291596672696],[1,2.539999961853031,2.53999996185303,2.5399999618530305],[1,-92.70392963638389,9.399574007058174,-2.5299850116891376]],[11,"soldier",[-12,2],[[23,-11,[2,"91IUDY/dRDArZb6AMp0ws9"],[3,4,5,6,7,8],[[24,"RootNode/Bip001/Bip001 Pelvis/Bip001 Spine/Bip001 Spine1/Bip001 Neck/Bip001 R Clavicle/Bip001 R UpperArm/Bip001 R Forearm/Bip001 R Hand/gun",2]]]],[0,"3bx+MdXKtA65MD4x5Cf4vS",1,0],[1,4.5,4.5,4.5]],[12,"Bip001 Spine",[-13,-14,-15],[0,"d3PvyhMAVFwqfspPBMxyOG",1,0],[1,0.018833827227354,-0.0000294282654067501,2.61595776152035e-8],[3,-0.000002080475910607327,-6.936759723456761e-7,0.0003981589901667568,0.9999999207323014],[1,-0.00023837338537102568,-0.00007939450691674313,0.045625660794268635]],[13,"Bip001 Neck",[-16,-17,-18],[0,"a8l6TBSPJEqr9OArc4FzEp",1,0],[1,0.0444481074810028,-0.0000186952202057,-5.18531328985716e-11]],[6,"RootNode",3,[-19,-20],[0,"40vDreuSVNdoeXeXkSUq/x",1,0]],[14,"js",6,[[25,-21,[2,"ddK/bix0RLPKCW/csUWsX0"],[0],[8],3,1,2],[26,-22,[2,"73aOaKq9RKfaeU6chmXNOj"]]],[0,"3ardJCNEdA/68P47GsKu16",1,0],[1,0.0095185674726963,0.79862254858017,0.0111793326213956],[3,-3.090862019268389e-8,0.7071067811865468,0.7071067811865468,3.090862019268389e-8],[1,2.53999996185303,2.53999996185303,2.53999996185303],[1,-89.99999999999999,179.99999499104368,0]],[21,"Bip001",6,[[[5,"Bip001 Footsteps",-23,[0,"49l+KRaBRMFLwkJEix25mF",1,0],[1,-1.3522803321564e-8,1.90425440986432e-14,-0.141692578792572],[3,3.37286826467567e-8,3.3728636461478115e-8,0.7071063043492192,0.7071072580235525],[1,0,0.0000054659633097159585,90]],-24],4,1],[0,"09O01pspFKiYKr0USjneOc",1,0],[1,-6.96931445887117e-9,0.361133366823196,-0.00123619846999645],[3,-0.5000003576277411,-0.4999996423720031,-0.4999996423720031,0.5000003576277411],[1,2.53999996185303,2.53999996185303,2.53999996185303],[1,-90,-89.99991803772988,0]],[15,"hitPoint",1,[[27,16,4,-25,[2,"2aw3+vNJdFIpZ+3odk3e1C"]],[28,true,-26,[2,"04aCCU5WdDYZq3f/q/R6Sd"],[1,0,5,0],[1,1,10,1]]],[0,"52Wu9eVzpKXozs20NJppgz",1,0]],[6,"characterNode",1,[3],[0,"aeqJm5nsFMKpbvWkMwSodW",1,0]],[16,"Bip001 Pelvis",8,[4],[0,"ef2LE0HshI4Yl5FLciIWAu",1,0],[3,-0.4999999925491744,-0.4999999925491744,-0.4999993070957696,0.5000007078049007],[1,-89.9999197452773,-89.9999197452773,-0.0000017074910412130916]],[17,"Bip001 Spine1",4,[5],[0,"d4bDtatWVASqC43kbJwdf/",1,0],[1,0.0369662456214428,-0.0000311934199999087,-8.65176680298063e-11]],[1,"Bip001 L Clavicle",5,[-27],[0,"a658AGoQBCJagrw+waX5be",1,0],[1,-0.00644924165681005,0.0000196041910385247,0.0112432958558202],[3,0.7071077086134459,-0.0002815405549038238,0.7071057416602071,0.00028154134070723007],[1,179.95437433517884,-89.99984062077884,2.1417094563020742e-10]],[1,"Bip001 L UpperArm",13,[-28],[0,"289FnBkthJ6a+8Re6BECdy",1,0],[1,0.0328971147537231,3.72529021519519e-11,0],[3,0.004248980986323376,-0.002875707404583018,-0.007909692987541916,0.9999555556245207],[1,0.4843357768499077,-0.3257085741054744,-0.9077819204390292]],[4,"Bip001 L Forearm",14,[[5,"Bip001 L Hand",-29,[0,"05i4Wuld5F8JnD9ShzHXSK",1,0],[1,0.0254469774663448,0,0],[3,-0.7068252124052272,-6.184253246643056e-10,6.189179861423993e-10,0.707388237892252],[1,-89.95437890588059,4.163602918880059e-15,1.002600413738502e-7]]],[0,"06qkUWNQxN6aBlY6RrI00W",1,0],[1,0.045250691473484,0,0],[3,8.666797549945222e-19,-3.4388759920925256e-20,-0.039647540829596754,0.9992137271405781],[1,9.939233379573492e-17,-2.7673917145258952e-33,-4.544464640731275]],[1,"Bip001 R Clavicle",5,[-30],[0,"6fH4xXopBBjKCxc3/Pjgo8",1,0],[1,-0.00644924165681005,0.0000196664768736809,-0.0112432958558202],[3,0.7071077086134459,-0.0002815405549038238,-0.7071057416602071,-0.00028154134070723007],[1,-179.95437433517884,89.99984062077884,2.1417094563020742e-10]],[1,"Bip001 R UpperArm",16,[-31],[0,"63pUJwpp1G0pYMWMRLFi1h",1,0],[1,0.0328971184790134,-3.72529021519519e-11,-3.55271359939116e-17],[3,-0.004248980986360365,0.002875706938946753,-0.007909692056288185,0.9999555556332258],[1,-0.48433577757310214,0.3257085211889926,-0.9077818134977182]],[1,"Bip001 R Forearm",17,[-32],[0,"c1s386iglKxqbSaetWwSTM",1,0],[1,0.0445073209702969,5.55111499904869e-19,0],[3,-8.387388352083251e-19,7.385660250928882e-19,-0.039647548268465366,0.9992137268454131],[1,-9.297360770902842e-17,8.101095339769854e-17,-4.544465493833598]],[4,"Bip001 R Hand",18,[[5,"gun",-33,[0,"4fQkvu50ZK8LDarHwlrIb5",1,0],[1,0.105011329054832,-0.0550604611635208,0.0423132926225662],[3,0.03798043660876921,0.7269653549703013,-0.6855311272809469,0.011221971164872597],[1,86.71776019635894,176.07538874410503,2.2829758163750227]]],[0,"b63qH+sYpJgatTF3jXydFX",1,0],[1,0.0254469588398933,1.19209286886246e-9,-3.55271359939116e-17],[3,0.7068252124052272,6.197110739776139e-10,6.202047346564526e-10,0.707388237892252],[1,89.95437890588059,-2.141135874908436e-15,1.0046848694861693e-7]],[4,"Bip001 Head",5,[[7,"Bip001 HeadNub",-34,[0,"f7Q7EAtE9HVJ9fnumLz0TO",1,0],[1,0.113895699381828,0,-6.77626342657311e-23]]],[0,"8c+GJAAnpDibLiJ68wU8pu",1,0],[1,0.0210253521800041,-0.00000289723266178044,-8.03595384679667e-12],[3,-7.276117903999472e-14,1.1042734284522333e-9,-0.0003988305609355657,0.9999999204670887],[1,4.213038132328897e-11,1.2654044062452256e-7,-0.04570261697650697]],[1,"Bip001 R Thigh",4,[-35],[0,"237IDEjhlI35ji+3x6bM7w",1,0],[1,-0.0188337806612253,0.0000444972865807358,-0.0234699938446283],[3,0.03970739155198159,0.9991829168276365,-0.001845301319828654,-0.00730866875657744],[1,0.17859157326407418,-179.1689175506794,4.55274899860109]],[1,"Bip001 R Calf",21,[-36],[0,"25ixAEvvdOMbIosYsJZJgV",1,0],[1,0.059609305113554,-2.22044599961948e-18,-2.38418573772492e-9],[3,3.7703172589458685e-19,2.009344189023137e-18,-0.07913471988369071,0.9968639305887889],[1,6.206760949833302e-17,2.359054018464969e-16,-9.077662303038064]],[1,"Bip001 R Foot",22,[-37],[0,"3eLgY8o2ZE5rQjvDlbQetN",1,0],[1,0.0637154057621956,4.47034825823422e-10,4.76837147544984e-9],[3,-0.0012654894892871291,-0.00743132825553446,0.03988499172310219,0.9991758410469898],[1,-0.1112844185192538,-0.8478111432267567,4.572646757157304]],[4,"Bip001 R Toe0",23,[[7,"Bip001 R Toe0Nub",-38,[0,"1azrZ/YiBD9ohyVXH0FMpL",1,0],[1,0.00602586753666401,-3.72529021519519e-11,0]]],[0,"6dwShk1fVIcqRiZt/ia8R0",1,0],[1,0.0197665002197027,0.0454516001045704,2.38418573772492e-9],[3,1.5451617139327366e-8,1.5457003053356546e-8,0.7071067811865472,0.7071067811865472],[1,0,0.0000025040417438788594,90]],[1,"Bip001 L Thigh",4,[-39],[0,"9dAccMU5VJBa6f6oGxUchD",1,0],[1,-0.0188337806612253,0.0000443670505774207,0.0234699975699186],[3,0.039707409951925246,0.9991829111278855,0.0018480764176651231,0.007308646828805905],[1,-0.17891040804106798,179.16893274153804,4.552753412883687]],[1,"Bip001 L Calf",25,[-40],[0,"1dS5RUFjVEq68TH7JDLTmk",1,0],[1,0.059609305113554,0,2.38418573772492e-9],[3,4.027711316129044e-19,2.333584936497508e-18,-0.07913471988369071,0.9968639305887889],[1,6.802273435477859e-17,2.7365028230180695e-16,-9.077662303038064]],[1,"Bip001 L Foot",26,[-41],[0,"bau4kab5RErI25X8VObahe",1,0],[1,0.063715398311615,-4.47034825823422e-10,0],[3,0.0012654862288444433,0.007431415329416379,0.03988499169745658,0.9991758404045307],[1,0.1112836447030545,0.847821160275238,4.572646761147757]],[4,"Bip001 L Toe0",27,[[18,"Bip001 L Toe0Nub",-42,[0,"93IGn8zhJFm65wVgO4BadH",1,0],[1,0.00602586753666401,1.38777874976217e-19,4.44089199923895e-18],[3,-1.13317454700131e-15,-1.68788667761824e-22,1,-6.12323426292584e-17],[1,-1,-1,-1],[1,180,179.99999999999986,-7.016709604711002e-15]]],[0,"7fFSRsxJBHI4nsab0EfvgZ",1,0],[1,0.0197665002197027,0.0454515963792801,2.38418573772492e-9],[3,-1.5442916543379065e-8,-1.546164645021421e-8,0.7071067811865472,0.7071067811865472],[1,0,-0.000002502631751950201,90]],[19,"shadow",1,[[29,"Quad<ModelComponent>",0,-43,[2,"9evpfm83tEAJ1jHD7Z+DtO"],[9],[8],10]],[0,"c2ayWeKK1KJ72ciN+NpiQc",1,0],[3,-0.7071067811865475,0,0,0.7071067811865476],[1,1.5,1.5,1.5],[1,-90,0,0]]],0,[0,3,1,0,1,1,0,-1,10,0,-2,9,0,-3,29,0,0,2,0,0,2,0,0,2,0,0,2,0,0,2,0,1,3,0,-1,6,0,-1,12,0,-2,21,0,-3,25,0,-1,13,0,-2,16,0,-3,20,0,-1,7,0,-2,8,0,1,7,0,1,7,0,0,8,0,-2,11,0,1,9,0,1,9,0,-1,14,0,-1,15,0,0,15,0,-1,17,0,-1,18,0,-1,19,0,0,19,0,0,20,0,-1,22,0,-1,23,0,-1,24,0,0,24,0,-1,26,0,-1,27,0,-1,28,0,0,28,0,1,29,0,4,1,2,0,3,3,0,10,4,0,11,5,0,12,43],[0,0,0,0,0,0,0,0,0,0,0],[-1,2,5,-1,-2,-3,-4,-5,-6,-1,2],[0,1,2,3,4,5,6,7,8,9,10]],[[[30,[{"rasterizerState":{},"depthStencilState":{},"blendState":{"targets":[{}]}}],[{"USE_INSTANCING":true}],[[[{},"mainTexture",6,0]],11]]],0,0,[0,0],[6,7],[11,12]],[[[31,".bin",1752788856,[{"primitives":[{"primitiveMode":7,"jointMapIndex":0,"vertexBundelIndices":[0],"indexView":{"offset":145760,"length":5160,"count":2580,"stride":2}}],"vertexBundles":[{"view":{"offset":0,"length":145760,"count":1822,"stride":80},"attributes":[{"name":"a_position","format":32,"isNormalized":false},{"name":"a_normal","format":32,"isNormalized":false},{"name":"a_texCoord","format":21,"isNormalized":false},{"name":"a_tangent","format":44,"isNormalized":false},{"name":"a_joints","format":42,"isNormalized":false},{"name":"a_weights","format":44,"isNormalized":false},{"name":"a_texCoord1","format":21,"isNormalized":false}]}],"jointMaps":[[0,1,2,3,4,5,6,7,8,9,10,11,12,13,14,15,16,17,18,19,20,21,22,23,24,25]]},"minPosition",8,[1,-0.17084592580795288,-0.0531635656952858,-0.31441831588745117],"maxPosition",8,[1,0.17075476050376892,0.053163573145866394,0.06348621100187302]]],-1],0,0,[],[],[]],[[[32,"Skin-0",2206203519,["RootNode/Bip001/Bip001 Pelvis/Bip001 Spine/Bip001 Spine1","RootNode/Bip001/Bip001 Pelvis/Bip001 Spine/Bip001 Spine1/Bip001 Neck/Bip001 Head","RootNode/Bip001/Bip001 Pelvis/Bip001 Spine/Bip001 Spine1/Bip001 Neck","RootNode/Bip001/Bip001 Pelvis/Bip001 Spine/Bip001 Spine1/Bip001 Neck/Bip001 L Clavicle","RootNode/Bip001/Bip001 Pelvis/Bip001 Spine/Bip001 Spine1/Bip001 Neck/Bip001 R Clavicle","RootNode/Bip001/Bip001 Pelvis","RootNode/Bip001/Bip001 Pelvis/Bip001 Spine","RootNode/Bip001/Bip001 Pelvis/Bip001 Spine/Bip001 R Thigh","RootNode/Bip001/Bip001 Pelvis/Bip001 Spine/Bip001 L Thigh/Bip001 L Calf/Bip001 L Foot","RootNode/Bip001/Bip001 Pelvis/Bip001 Spine/Bip001 R Thigh/Bip001 R Calf","RootNode/Bip001/Bip001 Pelvis/Bip001 Spine/Bip001 R Thigh/Bip001 R Calf/Bip001 R Foot","RootNode/Bip001","RootNode/Bip001/Bip001 Pelvis/Bip001 Spine/Bip001 L Thigh/Bip001 L Calf","RootNode/Bip001/Bip001 Pelvis/Bip001 Spine/Bip001 L Thigh","RootNode/Bip001/Bip001 Footsteps","RootNode/Bip001/Bip001 Pelvis/Bip001 Spine/Bip001 R Thigh/Bip001 R Calf/Bip001 R Foot/Bip001 R Toe0","RootNode/Bip001/Bip001 Pelvis/Bip001 Spine/Bip001 R Thigh/Bip001 R Calf/Bip001 R Foot/Bip001 R Toe0/Bip001 R Toe0Nub","RootNode/Bip001/Bip001 Pelvis/Bip001 Spine/Bip001 Spine1/Bip001 Neck/Bip001 R Clavicle/Bip001 R UpperArm","RootNode/Bip001/Bip001 Pelvis/Bip001 Spine/Bip001 Spine1/Bip001 Neck/Bip001 R Clavicle/Bip001 R UpperArm/Bip001 R Forearm","RootNode/Bip001/Bip001 Pelvis/Bip001 Spine/Bip001 Spine1/Bip001 Neck/Bip001 R Clavicle/Bip001 R UpperArm/Bip001 R Forearm/Bip001 R Hand","RootNode/Bip001/Bip001 Pelvis/Bip001 Spine/Bip001 L Thigh/Bip001 L Calf/Bip001 L Foot/Bip001 L Toe0/Bip001 L Toe0Nub","RootNode/Bip001/Bip001 Pelvis/Bip001 Spine/Bip001 L Thigh/Bip001 L Calf/Bip001 L Foot/Bip001 L Toe0","RootNode/Bip001/Bip001 Pelvis/Bip001 Spine/Bip001 Spine1/Bip001 Neck/Bip001 L Clavicle/Bip001 L UpperArm","RootNode/Bip001/Bip001 Pelvis/Bip001 Spine/Bip001 Spine1/Bip001 Neck/Bip001 L Clavicle/Bip001 L UpperArm/Bip001 L Forearm","RootNode/Bip001/Bip001 Pelvis/Bip001 Spine/Bip001 Spine1/Bip001 Neck/Bip001 L Clavicle/Bip001 L UpperArm/Bip001 L Forearm/Bip001 L Hand","RootNode/Bip001/Bip001 Pelvis/Bip001 Spine/Bip001 Spine1/Bip001 Neck/Bip001 Head/Bip001 HeadNub"],[[[7,-1.1612339978483988e-9,0.0000013152708788766176,-1,0,0.000796317879576236,0.9999997019767761,0.0000013152694009477273,0,0.9999995827674866,-0.000796317879576236,-2.20860751909413e-9,0,0.11571479588747025,0.0043403515592217445,0.0002218062145402655,1],[7,-0.0000013430886838250444,0.0000013152706515029422,-1,0,-1.174777777227659e-13,1,0.0000013152706515029422,0,1,1.8840029362976463e-12,-0.0000013430887975118821,0,0.05023786425590515,0.0044019510969519615,0.00022173892648424953,1],[7,-1.1612339978483988e-9,0.0000013152708788766176,-1,0,0.000796317879576236,0.9999997019767761,0.0000013152694009477273,0,0.9999995827674866,-0.000796317879576236,-2.20860751909413e-9,0,0.07126668840646744,0.004359046928584576,0.00022180627274792641,1],[7,-1,0.0000014583297343051527,-4.371132789060539e-8,0,-0.0000014583297343051527,-1,-6.732612243317421e-14,0,-4.371132789060539e-8,-3.580592497709955e-15,1,0,-0.011021504178643227,-0.0044012973085045815,0.07771246135234833,1],[7,1,0.0000014583297343051527,-4.371145223558415e-8,0,0.0000014583297343051527,-1,-6.009824121645455e-14,0,-4.3711455788297826e-8,-3.647466172412156e-15,-1,0,-0.011465092189610004,-0.0044012973085045815,-0.07771246135234833,1],[7,-0.0000013867999086869531,-0.0000028451297566789435,-1,0,-1.2129914314738116e-13,1,-0.0000028451297566789435,0,1,-3.8243271396898315e-12,-0.0000013868001360606286,0,0.17151139676570892,0.004401312209665775,0.00022155021724756807,1],[7,-1.1612339978483988e-9,0.0000013152708788766176,-1,0,0.000796317879576236,0.9999997019767761,0.0000013152694009477273,0,0.9999995827674866,-0.000796317879576236,-2.20860751909413e-9,0,0.15268105268478394,0.004309158306568861,0.00022180612722877413,1],[7,-0.014458741061389446,0.004269296303391457,0.9998863935470581,0,0.07858313620090485,0.9969027638435364,-0.00312021397985518,0,-0.9968026280403137,0.07852910459041595,-0.014749452471733093,0,-0.17027460038661957,0.01775512844324112,-0.026232535019516945,1],[7,-4.371138828673793e-8,-0.0000014583297343051527,1,0,-3.760138071539449e-15,1,0.0000014583297343051527,0,-1,5.998547741425247e-14,-4.371139183945161e-8,0,-0.2944357693195343,0.004794209264218807,0.021433664485812187,1],[7,-0.014951234683394432,0.0019346339395269752,0.9998863935470581,0,-0.07968549430370331,0.9968151450157166,-0.0031202235259115696,0,-0.9967079162597656,-0.07972308993339539,-0.014749455265700817,0,-0.22980597615242004,-0.018736744299530983,-0.026232533156871796,1],[7,-4.371138828673793e-8,-0.0000014583297343051527,1,0,-3.760138071539449e-15,1,0.0000014583297343051527,0,-1,5.998547741425247e-14,-4.371139183945161e-8,0,-0.2944357395172119,0.004794209264218807,-0.02187730185687542,1],[7,-0.0000014583297343051527,-1,1.8369701465288538e-16,0,1,-0.0000014583297343051527,-6.123223675013999e-17,0,6.12325146828258e-17,1.8369693524354657e-16,1,0,0.004401312209665775,0.00022179418010637164,0.17151138186454773,1],[7,0.014951641671359539,-0.0019375360570847988,0.9998862743377686,0,-0.07968544960021973,0.9968151450157166,0.003123148577287793,0,-0.9967079162597656,-0.07972308993339539,0.01474962942302227,0,-0.2298126220703125,-0.018735885620117188,0.02578902430832386,1],[7,0.014458686113357544,-0.0042722285725176334,0.9998862743377686,0,0.07858318090438843,0.9969027638435364,0.0031231408938765526,0,-0.9968026280403137,0.07852910459041595,0.01474962942302227,0,-0.17028100788593292,0.017757022753357887,0.02578902617096901,1],[7,-1,8.742277657347586e-8,1.2246467202362698e-16,0,-8.742277657347586e-8,-1,1.0706201691188826e-23,0,1.2246467202362698e-16,2.341930812374879e-31,1,0,0.00022180020459927619,-0.004401311278343201,0.3142022490501404,1],[7,-0.0000014590265209335485,4.3711455788297826e-8,1,0,1,6.371493637595885e-14,0.0000014590265209335485,0,6.12325146828258e-17,1,-4.3711459341011505e-8,0,-0.04065738990902901,0.3142022490501404,-0.02187730185687542,1],[7,-0.0000014590265209335485,4.3711455788297826e-8,1,0,1,6.371493637595885e-14,0.0000014590265209335485,0,6.12325146828258e-17,1,-4.3711459341011505e-8,0,-0.046683259308338165,0.3142022490501404,-0.021877305582165718,1],[7,0.9998583197593689,0.015795700252056122,0.005818342324346304,0,0.015844576060771942,-0.9998387098312378,-0.008452082984149456,0,0.005683897528797388,0.008543075062334538,-0.9999472498893738,0,-0.04384448006749153,-0.0044373515993356705,-0.07800368219614029,1],[7,0.9954633712768555,0.09496757388114929,0.005818341858685017,0,0.09501474350690842,-0.9954399466514587,-0.00845208577811718,0,0.004989136476069689,0.008966570720076561,-0.9999472498893738,0,-0.08772245794534683,-0.011423759162425995,-0.07800368219614029,1],[7,0.9954633712768555,0.005893959663808346,-0.09496290981769562,0,0.09501474350690842,-0.009244726039469242,0.99543297290802,0,0.004989136476069689,-0.9999398589134216,-0.009762800298631191,0,-0.11316943168640137,-0.07801275700330734,0.011361642740666866,1],[7,0.0000012841808256780496,-4.371132789060539e-8,-1,0,1,5.6072015791348156e-14,0.0000012841808256780496,0,6.123217719313588e-17,1,-4.371132789060539e-8,0,-0.04668319970369339,0.3142022490501404,-0.021433817222714424,1],[7,-0.0000014590265209335485,-4.371132789060539e-8,1,0,1,-6.383721405222448e-14,0.0000014590265209335485,0,6.12325146828258e-17,1,4.371132789060539e-8,0,-0.040657393634319305,0.3142022490501404,0.021433692425489426,1],[7,-0.9998583793640137,-0.015792787075042725,0.0058183190412819386,0,0.015841662883758545,-0.9998388290405273,0.008452100679278374,0,0.005683899391442537,0.008543075062334538,0.9999472498893738,0,-0.04340095445513725,-0.0044303457252681255,0.07800109684467316,1],[7,-0.9954636693000793,-0.0949646532535553,0.005818316247314215,0,0.09501182287931442,-0.9954402446746826,0.008452103473246098,0,0.004989135544747114,0.008966570720076561,0.9999472498893738,0,-0.08802192658185959,-0.01144053041934967,0.07800108939409256,1],[7,-0.9954636693000793,-0.005893932655453682,-0.09495998919010162,0,0.09501182287931442,-0.00924474373459816,-0.9954332709312439,0,0.004989135544747114,-0.9999398589134216,0.009762800298631191,0,-0.11346888542175293,-0.0780101791024208,-0.011378416791558266,1],[7,-0.0000013430886838250444,0.0000013152706515029422,-1,0,-1.174777777227659e-13,1,0.0000013152706515029422,0,1,1.8840029362976463e-12,-0.0000013430887975118821,0,-0.06365783512592316,0.0044021038338541985,0.0002218918816652149,1]],8,8,8,8,8,8,8,8,8,8,8,8,8,8,8,8,8,8,8,8,8,8,8,8,8,8]]],0,0,[],[],[]]]]
